ORCA
10
TEST  has success rate: 0.83, collision rate: 0.10, nav time: 16.45, total reward: 0.1397, average return: 0.3787
Frequency of being in danger: 0.04 and average min separate distance in danger: 0.11
Collision rate: 0.102, Collision cases: 3 10 13 20 30 39 42 59 105 106 107 114 167 168 176 189 190 192 206 207 209 225 232 234 240 253 256 272 273 274 287 288 298 318 324 334 337 347 368 373 393 399 406 410 412 435 439 471 480 481 487
Timeout rate: 0.072, Timeout cases: 17 32 49 54 60 66 67 82 83 111 115 118 129 136 170 203 208 221 246 271 282 299 300 306 316 320 322 332 335 348 362 432 473 474 475 497
15
TEST  has success rate: 0.64, collision rate: 0.14, nav time: 19.12, total reward: 0.0696, average return: 0.2513
Frequency of being in danger: 0.05 and average min separate distance in danger: 0.12
Collision rate: 0.142, Collision cases: 3 13 21 24 34 37 43 46 48 58 61 72 77 79 83 111 117 124 126 133 156 157 176 200 205 206 207 208 209 214 215 217 220 225 232 236 240 256 259 261 272 273 285 324 325 337 341 345 360 366 369 373 382 395 400 407 410 412 418 419 424 435 457 458 459 465 471 480 481 487 494
Timeout rate: 0.218, Timeout cases: 2 17 18 22 23 25 29 33 36 38 41 60 63 66 68 73 82 84 93 96 100 108 110 113 115 121 135 138 141 142 143 148 149 152 162 164 167 170 171 175 184 186 190 191 196 197 204 212 218 219 221 223 237 243 245 246 250 257 267 268 270 275 277 279 296 297 298 300 301 306 312 319 322 327 334 348 350 352 353 359 361 362 364 365 372 375 376 379 381 383 386 396 402 405 416 417 431 432 433 441 451 453 461 467 473 475 476 491 496
20
TEST  has success rate: 0.44, collision rate: 0.19, nav time: 20.10, total reward: 0.0215, average return: 0.1416
Frequency of being in danger: 0.07 and average min separate distance in danger: 0.11
Collision rate: 0.194, Collision cases: 9 10 11 15 21 23 24 25 32 37 40 48 52 57 59 62 66 80 81 91 96 99 104 112 113 116 124 130 132 133 141 144 149 157 161 172 174 201 203 204 205 212 214 215 216 217 225 232 240 241 247 250 272 277 282 285 294 295 304 310 316 320 324 325 351 352 354 358 360 366 373 376 382 387 395 400 407 410 414 418 419 420 424 433 437 438 449 450 457 459 462 464 480 484 485 489 495
Timeout rate: 0.368, Timeout cases: 1 2 8 13 17 18 19 20 28 34 41 42 43 44 45 46 47 49 50 51 54 58 60 64 65 67 68 72 74 75 77 78 79 82 83 84 88 89 92 94 100 101 102 109 110 115 118 121 123 128 131 134 135 138 140 142 145 146 148 150 154 159 162 163 168 170 171 173 175 177 178 184 185 189 191 197 198 200 208 218 219 223 224 226 229 230 235 237 245 251 255 258 259 261 265 267 270 271 274 276 281 283 286 290 291 293 297 301 303 306 309 312 314 315 319 322 330 331 332 333 334 337 341 343 348 349 356 357 359 362 363 364 367 368 369 370 371 372 374 377 379 380 381 383 384 386 388 392 397 402 408 409 413 416 417 422 426 429 432 434 440 441 442 444 446 451 452 453 454 460 461 466 468 470 471 473 475 476 478 481 482 493 494 499




SARL
10
TEST  has success rate: 0.77, collision rate: 0.20, nav time: 13.05, total reward: 0.1526, average return: 0.3663
Frequency of being in danger: 0.67 and average min separate distance in danger: 0.15
Collision rate: 0.202, Collision cases: 3 7 9 25 26 29 43 48 49 55 57 61 66 70 71 72 75 76 88 98 106 120 133 134 140 141 145 147 148 150 162 164 167 174 177 186 190 193 198 204 206 214 220 223 227 235 248 256 258 263 265 275 277 285 286 289 291 293 294 295 298 307 308 314 320 325 327 331 334 335 338 352 353 357 360 362 368 370 372 376 384 394 402 412 416 426 430 432 434 438 439 441 446 452 456 467 475 480 485 490 496
Timeout rate: 0.024, Timeout cases: 51 56 83 89 115 132 199 232 306 348 408 419
15
TEST  has success rate: 0.63, collision rate: 0.36, nav time: 14.58, total reward: 0.0519, average return: 0.2191
Frequency of being in danger: 1.10 and average min separate distance in danger: 0.14
Collision rate: 0.358, Collision cases: 4 5 7 10 12 13 14 18 21 23 26 27 30 36 37 38 42 43 44 45 46 47 52 53 55 58 59 69 72 73 75 78 81 90 93 94 99 102 104 105 109 122 125 127 131 132 136 139 142 144 145 147 151 153 156 161 163 168 172 174 177 182 184 187 189 190 197 204 205 206 207 209 211 212 215 228 231 232 233 236 242 249 251 253 256 265 266 268 269 272 276 279 281 285 288 289 291 296 298 300 302 306 308 309 312 320 324 325 326 328 329 330 333 337 340 346 347 348 351 352 353 354 355 356 358 359 360 361 364 365 367 370 376 377 382 383 387 390 392 393 395 397 400 409 410 412 414 418 422 426 427 430 432 433 435 437 439 441 442 444 447 449 452 454 458 468 470 476 478 480 483 484 486 489 490 491 493 494 495
Timeout rate: 0.016, Timeout cases: 77 89 141 162 167 402 419 446
20
TEST  has success rate: 0.44, collision rate: 0.54, nav time: 15.45, total reward: -0.0314, average return: 0.0739
Frequency of being in danger: 1.37 and average min separate distance in danger: 0.15
Collision rate: 0.536, Collision cases: 3 4 6 7 10 11 13 15 17 20 21 22 23 24 25 34 36 37 39 40 44 45 47 48 49 50 52 53 56 57 58 61 63 65 66 67 72 73 74 76 79 80 81 82 84 87 88 89 90 91 92 94 95 96 97 101 104 105 107 111 112 113 114 115 119 120 123 124 125 126 129 130 133 134 135 139 140 141 146 147 151 152 157 160 162 164 172 173 175 176 177 179 182 183 184 185 187 190 191 192 193 195 196 197 198 199 202 203 205 206 207 209 212 213 214 216 217 220 225 232 234 236 237 238 239 241 244 245 246 247 249 250 251 252 253 255 265 268 269 270 272 274 277 279 280 282 283 285 287 289 290 291 292 293 294 295 297 298 299 301 302 303 304 306 307 308 311 313 314 315 319 321 324 328 329 330 331 333 337 338 339 341 342 345 346 347 351 352 355 356 360 362 363 365 366 367 368 369 370 371 373 375 380 382 383 385 386 387 388 390 395 399 400 403 404 405 406 408 409 411 414 418 419 420 423 425 426 427 429 431 432 433 434 436 437 438 439 443 444 446 448 449 450 451 455 457 458 459 461 463 464 465 466 467 469 470 473 474 476 477 478 480 481 486 489 491 494 495
Timeout rate: 0.024, Timeout cases: 5 54 128 150 219 223 235 361 402 410 442 487



RGL_OneStep
10
TEST  has success rate: 0.84, collision rate: 0.05, nav time: 12.73, total reward: 0.1973, average return: 0.4303
2023-05-18 02:29:14, INFO: Frequency of being in danger: 0.48 and average min separate distance in danger: 0.12
2023-05-18 02:29:14, INFO: Collision rate: 0.048, Collision cases: 8 32 52 56 83 116 129 176 186 214 234 243 266 277 291 292 306 316 335 338 354 398 407 498
2023-05-18 02:29:14, INFO: Timeout rate: 0.116, Timeout cases: 12 15 24 60 77 78 79 82 91 94 96 103 110 115 118 121 128 158 163 170 175 199 200 219 226 250 262 269 279 280 299 300 303 317 318 322 326 327 359 362 364 366 367 381 383 384 388 404 416 433 445 453 457 460 462 476 483 499
15
TEST  has success rate: 0.59, collision rate: 0.17, nav time: 14.63, total reward: 0.0762, average return: 0.2371
Frequency of being in danger: 0.66 and average min separate distance in danger: 0.12
Collision rate: 0.168, Collision cases: 0 2 3 8 9 13 15 19 24 25 41 45 47 48 63 68 71 72 73 88 89 105 109 110 118 127 128 147 153 200 201 204 205 212 217 218 220 232 235 236 261 262 269 272 276 277 284 285 287 289 300 302 307 315 316 325 350 358 363 366 371 377 389 391 395 402 407 418 420 425 437 440 445 448 449 453 454 457 462 469 480 481 492 497
Timeout rate: 0.24, Timeout cases: 4 5 11 17 20 22 23 26 29 31 32 38 40 60 67 79 80 81 82 87 91 106 112 113 115 121 136 138 141 146 148 150 151 154 155 156 159 162 163 170 171 175 177 178 186 191 194 195 203 211 219 226 230 234 237 238 244 249 250 251 252 267 273 279 283 293 294 297 299 301 303 306 308 317 322 326 327 329 332 341 342 343 348 359 361 365 367 368 372 378 381 384 386 388 392 393 396 404 410 414 422 431 433 436 439 441 446 451 455 459 461 468 473 476 477 482 483 488 490 491
20
TEST  has success rate: 0.43, collision rate: 0.30, nav time: 15.89, total reward: 0.0019, average return: 0.1123
Frequency of being in danger: 0.88 and average min separate distance in danger: 0.13
Collision rate: 0.304, Collision cases: 4 6 9 10 14 15 21 23 27 36 40 45 47 48 49 57 59 61 72 83 88 89 93 94 96 101 104 105 112 118 120 121 123 124 126 128 129 130 135 141 144 145 149 154 155 156 161 162 164 169 172 173 174 180 182 183 189 193 195 196 197 199 200 204 205 217 220 226 227 232 235 237 244 247 250 261 262 265 272 273 275 276 280 282 287 295 301 302 303 304 310 311 317 318 320 327 338 340 341 347 348 350 352 353 355 356 357 360 362 364 365 369 370 371 372 375 378 381 382 384 387 389 396 397 406 407 410 411 414 416 419 422 425 435 436 437 439 444 453 457 459 461 470 473 476 477 481 485 487 489 493 497
Timeout rate: 0.266, Timeout cases: 0 2 5 11 17 18 20 25 26 28 29 34 35 37 42 51 53 54 55 56 60 63 67 68 73 74 77 78 82 84 86 87 90 91 92 106 109 110 115 117 148 150 151 157 163 170 171 175 176 177 178 179 184 185 186 188 190 191 206 208 210 212 213 218 222 223 225 228 234 238 240 245 251 259 267 271 279 288 297 299 305 307 308 321 322 326 332 333 337 339 343 351 358 361 367 368 373 376 379 380 383 386 388 398 399 400 402 412 413 415 421 424 426 428 429 431 433 441 442 445 446 450 451 454 455 458 460 464 466 475 482 495 499



Gattn
10
TEST  has success rate: 0.74, collision rate: 0.10, nav time: 11.74, total reward: 0.1858, average return: 0.3874
2023-05-18 05:19:14, INFO: Frequency of being in danger: 0.44 and average min separate distance in danger: 0.12
2023-05-18 05:19:14, INFO: Collision rate: 0.098, Collision cases: 11 19 39 58 61 63 64 79 106 121 135 156 170 179 182 183 189 196 201 208 211 220 231 238 275 279 280 314 328 333 338 340 343 346 352 366 370 373 384 404 408 415 420 425 433 452 486 488 499
2023-05-18 05:19:14, INFO: Timeout rate: 0.16, Timeout cases: 3 5 16 18 20 21 22 25 30 36 49 53 59 65 66 70 71 72 86 114 119 120 128 138 141 145 171 181 192 202 204 205 213 223 230 240 251 253 261 269 270 283 291 297 298 300 304 318 319 320 332 336 341 348 349 355 357 362 363 364 374 382 383 386 388 392 412 414 416 424 432 438 445 447 454 460 462 464 473 490
15
TEST  has success rate: 0.37, collision rate: 0.22, nav time: 12.85, total reward: 0.0399, average return: 0.1346
Frequency of being in danger: 0.39 and average min separate distance in danger: 0.12
Collision rate: 0.22, Collision cases: 1 3 13 21 22 23 31 32 39 40 41 50 55 56 57 60 61 62 64 65 69 70 79 89 93 98 100 102 104 105 108 122 130 148 151 156 157 161 162 163 169 174 180 187 191 200 205 208 212 218 222 231 232 233 238 241 246 248 264 265 272 277 281 285 287 294 295 304 306 312 317 318 325 327 329 336 340 341 362 364 366 367 369 373 382 383 395 400 402 406 407 415 418 420 424 425 430 434 445 464 467 469 471 478 481 486 487 488 495 497
Timeout rate: 0.408, Timeout cases: 0 5 6 7 9 12 18 19 25 27 29 34 35 36 38 44 47 49 52 53 58 59 66 67 74 75 76 77 78 81 82 83 90 91 92 94 95 97 103 106 109 111 116 117 125 126 128 129 133 136 138 139 141 142 145 146 147 149 150 153 155 165 166 168 171 172 175 178 181 182 186 190 192 193 194 195 196 197 201 202 204 210 211 213 214 216 219 221 223 224 225 226 228 230 234 236 240 245 249 250 251 253 254 256 257 258 259 262 263 266 274 275 276 279 282 283 288 291 292 296 298 299 303 309 310 313 315 319 323 324 326 330 331 334 335 338 339 344 349 350 354 356 357 358 359 363 370 372 376 378 379 380 381 384 385 393 403 404 405 411 412 413 416 417 423 427 428 429 431 432 433 437 438 440 441 442 443 444 446 447 450 451 452 456 459 460 461 462 468 470 472 473 475 476 479 483 484 490 491 492 493 494 498 499
20
TEST  has success rate: 0.23, collision rate: 0.34, nav time: 13.86, total reward: -0.0364, average return: 0.0159
Frequency of being in danger: 0.50 and average min separate distance in danger: 0.12
Collision rate: 0.342, Collision cases: 0 1 2 3 4 10 15 16 17 20 21 23 24 25 27 34 37 39 40 41 46 48 50 56 57 59 60 62 65 66 74 81 94 95 97 98 99 104 109 110 111 112 113 120 123 125 129 130 131 138 141 150 157 161 162 171 172 174 181 183 186 187 188 189 192 200 201 205 207 208 210 214 217 222 227 232 234 235 241 246 254 261 262 264 267 271 272 273 276 277 279 283 285 287 288 293 294 295 300 304 306 310 313 314 317 318 320 323 329 331 338 340 341 346 350 355 358 361 362 364 366 369 370 376 384 386 387 388 390 391 396 397 398 399 400 402 406 407 408 410 411 414 416 417 418 419 423 424 426 432 437 438 442 443 444 446 447 453 457 458 459 468 471 474 476 486 487 488 496 497 498
Timeout rate: 0.43, Timeout cases: 5 6 7 9 12 18 19 22 26 28 35 36 38 44 47 49 51 54 64 67 69 70 77 78 80 82 83 84 85 87 90 91 93 100 101 103 105 106 114 115 116 117 118 119 121 122 124 126 127 128 132 136 142 143 144 146 147 148 151 152 153 154 155 158 159 160 164 166 167 168 170 175 177 178 179 182 185 190 193 194 195 196 202 203 209 211 213 215 219 220 221 223 225 226 228 229 233 237 238 242 245 247 249 250 251 252 253 255 256 257 258 259 260 263 265 266 268 269 274 275 280 281 282 286 289 291 292 296 297 298 299 301 302 303 305 307 311 312 315 316 319 321 326 327 328 330 333 334 335 339 342 343 349 351 353 356 359 363 365 367 368 371 372 378 380 383 385 389 392 393 394 403 404 405 415 422 425 427 428 429 434 435 439 440 441 445 450 451 452 454 460 461 462 465 467 469 470 472 473 475 477 479 480 481 482 483 484 485 490 491 492 493 494 495 499



Gattn_linear
10
TEST  has success rate: 0.81, collision rate: 0.12, nav time: 12.35, total reward: 0.1676, average return: 0.3922
Frequency of being in danger: 0.88 and average min separate distance in danger: 0.12
Collision rate: 0.124, Collision cases: 8 9 20 21 31 42 53 59 66 75 107 110 122 131 156 162 173 175 181 196 197 200 215 220 222 225 232 235 239 240 260 284 296 301 309 317 325 338 350 358 359 365 366 370 384 385 386 392 403 408 409 410 419 420 421 424 433 460 473 480 487 490
Timeout rate: 0.066, Timeout cases: 3 7 13 39 45 54 58 71 72 97 133 139 154 160 163 179 242 266 271 275 279 304 305 308 361 362 371 373 380 434 438 462 495
15
TEST  has success rate: 0.56, collision rate: 0.36, nav time: 13.82, total reward: 0.0267, average return: 0.1721
Frequency of being in danger: 1.19 and average min separate distance in danger: 0.12
Collision rate: 0.362, Collision cases: 0 1 3 4 5 6 8 12 16 21 23 25 30 32 34 36 37 39 42 44 46 48 51 55 61 63 65 66 68 73 76 79 80 84 86 91 93 95 96 99 100 102 106 113 115 120 124 135 138 141 144 145 148 152 154 156 157 158 160 161 162 163 167 172 174 175 185 187 188 189 200 203 205 206 209 211 212 213 215 221 222 230 235 238 242 245 248 251 252 258 262 265 268 269 270 272 273 274 277 280 282 284 285 288 293 300 306 321 322 325 326 328 330 335 340 342 347 348 351 352 354 358 359 362 367 369 371 373 375 376 378 380 381 382 385 387 392 395 397 398 400 403 407 408 414 416 419 420 421 425 431 433 434 435 438 440 442 444 445 448 452 455 456 457 458 459 464 465 466 469 470 473 481 482 484 485 487 488 489 493 495
Timeout rate: 0.078, Timeout cases: 17 20 33 35 45 50 82 97 105 179 195 196 208 217 218 220 233 234 259 261 263 264 271 294 297 298 311 316 318 327 383 388 404 446 450 453 462 471 476
20
TEST  has success rate: 0.35, collision rate: 0.58, nav time: 15.36, total reward: -0.0832, average return: -0.0051
Frequency of being in danger: 1.46 and average min separate distance in danger: 0.12
Collision rate: 0.584, Collision cases: 0 3 4 5 6 8 9 11 13 14 15 16 20 21 22 23 24 25 26 30 32 33 34 36 37 38 39 40 45 46 47 48 49 52 53 54 56 61 62 64 66 68 69 78 79 80 81 85 87 89 91 93 94 96 97 99 100 101 103 104 106 109 110 111 112 113 114 115 116 118 121 122 123 130 132 133 135 138 139 141 143 145 149 151 154 157 158 159 161 162 163 166 167 170 172 173 174 175 177 178 179 181 182 185 186 187 188 189 190 191 193 196 197 201 202 203 204 205 207 209 210 211 212 213 214 215 216 217 219 220 221 223 224 225 227 228 229 232 234 235 236 239 240 244 246 247 250 251 252 261 264 265 269 271 272 273 275 276 277 278 279 281 283 285 287 291 292 293 294 295 296 297 298 300 302 303 304 306 307 308 309 310 314 315 316 320 322 323 325 328 329 330 331 336 337 338 339 340 341 342 348 350 351 352 356 357 358 359 363 365 366 367 368 369 371 373 374 375 376 378 380 381 382 390 391 392 395 396 397 402 404 406 407 408 409 410 411 412 413 415 416 417 419 421 422 423 424 425 428 429 433 434 435 436 437 438 439 440 441 442 443 444 447 448 451 452 454 455 457 458 461 462 464 467 469 470 471 473 474 475 481 483 484 485 487 488 489 493 495 496 497 498
Timeout rate: 0.07, Timeout cases: 27 31 59 60 70 72 73 77 82 84 86 108 120 128 140 147 164 222 238 242 259 260 268 282 284 289 335 344 349 372 387 393 399 427 446






